step: 1249 ****
 acc = 0.7407407407407407
mm-acc = 0.7477477477477478
